
A = 1.0e+03 *[      0    0.0213    0.0890    1.0143         0    0.0054         0         0    0.0083    0.0050
                0.0010    0.0218    0.0860    1.0139         0    0.0018         0         0    0.0086    0.3600
                0.0020    0.0222    0.0840    1.0135         0    0.0027         0         0    0.0083    0.3575
                0.0030    0.0224    0.0830    1.0131         0    0.0039         0         0    0.0079    0.3574
                0.0040    0.0224    0.0840    1.0128         0    0.0100         0         0    0.0076    0.3573
                0.0050    0.0222    0.0860    1.0133         0    0.0018         0         0    0.0079    0.3600
                0.0060    0.0226    0.0700    1.0131         0    0.0015    0.0204    0.0053    0.0079    0.3600
                0.0070    0.0252    0.0660    1.0131         0    0.0015    0.0590    0.1629    0.0080    0.0052
                0.0080    0.0271    0.0560    1.0134         0    0.0030    0.0581    0.3782    0.0093    0.0135
                0.0090    0.0285    0.0490    1.0135         0    0.0024    0.0585    0.5714    0.0068    0.0320
                0.0100    0.0297    0.0430    1.0136         0    0.0048    0.0569    0.7271    0.0081    0.0772
                0.0110    0.0306    0.0410    1.0132         0    0.0250    0.0440    0.8384    0.0124    0.1000
                0.0120    0.0310    0.0420    1.0127         0    0.0100    0.0536    0.7761    0.0144    0.1121
                0.0130    0.0314    0.0430    1.0124         0    0.0123    0.0522    0.8562    0.0156    0.1284
                0.0140    0.0283    0.0620    1.0123    0.0002    0.0840    0.0064    0.3444    0.0148    0.1616
                0.0150    0.0270    0.0750    1.0121    0.0009    0.0980         0    0.2474    0.0131    0.1705
                0.0160    0.0259    0.0850    1.0119    0.0013    0.1000         0    0.1139    0.0112    0.1800
                0.0170    0.0248    0.0930    1.0126    0.0013    0.1000         0    0.0810    0.0150    0.1897
                0.0180    0.0234    0.0920    1.0134    0.0024    0.1000         0    0.0249    0.0139    0.1966
                0.0190    0.0229    0.0950    1.0139    0.0014    0.1000         0    0.0009    0.0103    0.2048
                0.0200    0.0220    0.0960    1.0147    0.0001    0.1000         0         0    0.0092    0.2187
                0.0210    0.0218    0.0960    1.0153         0    0.1000         0         0    0.0061    0.2298
                0.0220    0.0221    0.0950    1.0158    0.0016    0.1000         0         0    0.0041    0.2321
                0.0230    0.0221    0.0950    1.0153    0.0016    0.1000         0         0    0.0025    0.2619
                0.0230    0.0221    0.0950    1.0150    0.0003    0.1000         0         0    0.0023    0.3213
                0.0240    0.0224    0.0950    1.0146         0    0.1000         0         0    0.0029    0.3600
                0.0250    0.0223    0.0950    1.0141    0.0003    0.1000         0         0    0.0038    0.0167
                0.0260    0.0222    0.0950    1.0136    0.0001    0.1000         0         0    0.0040    0.0266
                0.0270    0.0222    0.0940    1.0133         0    0.1000         0         0    0.0037    0.0290
                0.0280    0.0216    0.0960    1.0139    0.0021    0.1000         0         0    0.0042    0.0310
                0.0290    0.0229    0.0790    1.0136         0    0.1000         0    0.0027    0.0041    0.0521
                0.0300    0.0232    0.0740    1.0140         0    0.1000         0    0.0534    0.0059    0.0475
                0.0310    0.0239    0.0690    1.0144         0    0.1000         0    0.1371    0.0067    0.0537
                0.0320    0.0260    0.0650    1.0144         0    0.0192    0.0477    0.4156    0.0110    0.0463
                0.0330    0.0272    0.0640    1.0144         0    0.1000         0    0.7102    0.0140    0.0460
                0.0340    0.0275    0.0630    1.0138         0    0.1000         0    0.6141    0.0128    0.0496
                0.0350    0.0285    0.0590    1.0134         0    0.0100    0.0536    0.6666    0.0115    0.0755
                0.0360    0.0267    0.0630    1.0133         0    0.1000         0    0.3142    0.0108    0.0900
                0.0370    0.0266    0.0630    1.0128         0    0.0160    0.0498    0.3070    0.0090    0.0877
                0.0380    0.0277    0.0610    1.0123         0    0.1000         0    0.2723    0.0084    0.0801
                0.0390    0.0261    0.0650    1.0119         0    0.1000         0    0.2083    0.0088    0.0782
                0.0400    0.0261    0.0660    1.0122         0    0.1000         0    0.1513    0.0101    0.0880
                0.0410    0.0250    0.0720    1.0127         0    0.1000         0    0.0400    0.0077    0.1008
                0.0420    0.0245    0.0730    1.0131         0    0.1000         0    0.0018    0.0038    0.1312
                0.0430    0.0243    0.0750    1.0136         0    0.1000         0         0    0.0018    0.1687
                0.0440    0.0240    0.0760    1.0141         0    0.1000         0         0    0.0013    0.3037
                0.0450    0.0241    0.0750    1.0147         0    0.1000         0         0    0.0032    0.3600
                0.0460    0.0239    0.0750    1.0142         0    0.1000         0         0    0.0047    0.0088
                0.0470    0.0239    0.0750    1.0139         0    0.1000         0         0    0.0055    0.0076
                0.0480    0.0233    0.0760    1.0135         0    0.0084         0         0    0.0065    0.0032
                0.0490    0.0230    0.0780    1.0132         0    0.0090         0         0    0.0068    0.3600
                0.0500    0.0228    0.0790    1.0128         0    0.0084         0         0    0.0076    0.3600
                0.0510    0.0228    0.0800    1.0126         0    0.0090         0         0    0.0079    0.3600
                0.0520    0.0227    0.0800    1.0130         0    0.0063         0         0    0.0079    0.3574
                0.0530    0.0233    0.0750    1.0132         0    0.1000         0    0.0045    0.0080    0.3548
                0.0540    0.0259    0.0640    1.0135         0    0.0057    0.0564    0.1575    0.0083    0.0025
                0.0550    0.0274    0.0570    1.0136         0         0    0.0600    0.3738    0.0096    0.0198
                0.0560    0.0287    0.0530    1.0138         0    0.0006    0.0596    0.5651    0.0094    0.0435
                0.0570    0.0300    0.0490    1.0138         0    0.0018    0.0589    0.7236    0.0116    0.0603
                0.0580    0.0310    0.0450    1.0130         0    0.0036    0.0577    0.8375    0.0148    0.0773
                0.0590    0.0318    0.0430    1.0124         0    0.0063    0.0560    0.8989    0.0163    0.0837
                0.0600    0.0326    0.0400    1.0117         0    0.0100    0.0536    0.8589    0.0151    0.0873
                0.0610    0.0333    0.0360    1.0107         0    0.0111    0.0529    0.7974    0.0148    0.0900
                0.0620    0.0335    0.0350    1.0099         0    0.0129    0.0518    0.6862    0.0141    0.1033
                0.0630    0.0325    0.0410    1.0094         0    0.0138    0.0512    0.5385    0.0122    0.1374
                0.0640    0.0293    0.0640    1.0101         0    0.0117    0.0525    0.3622    0.0112    0.1800
                0.0650    0.0271    0.0770    1.0105         0    0.0102    0.0201    0.1709    0.0117    0.2137
                0.0660    0.0243    0.0890    1.0113         0    0.0072         0    0.0098    0.0084    0.2198
                0.0670    0.0238    0.0980    1.0122         0    0.0280         0         0    0.0051    0.2250
                0.0680    0.0237    0.0970    1.0129         0    0.0100         0         0    0.0023    0.2516
                0.0690    0.0241    0.0930    1.0136         0    0.0100         0         0    0.0031    0.0206
                0.0700    0.0242    0.0870    1.0133         0    0.0100         0         0    0.0057    0.0184
                0.0710    0.0241    0.0830    1.0134         0    0.1000         0         0    0.0061    0.0034
                0.0720    0.0242    0.0780    1.0133         0    0.0084         0         0    0.0058    0.3564
                0.0730    0.0239    0.0760    1.0128         0    0.0090         0         0    0.0062    0.3533
                0.0740    0.0236    0.0740    1.0125         0    0.0084         0         0    0.0060    0.3426
                0.0750    0.0231    0.0750    1.0122         0    0.0078         0         0    0.0063    0.3364
                0.0760    0.0228    0.0760    1.0126         0    0.0078         0         0    0.0067    0.3445
                0.0770    0.0231    0.0750    1.0123         0         0    0.0202    0.0053    0.0094    0.3534
                0.0780    0.0256    0.0680    1.0127         0    0.0036    0.0577    0.1575    0.0101    0.3579
                0.0790    0.0276    0.0610    1.0130         0    0.0051    0.0567    0.3747    0.0109    0.0057
                0.0800    0.0292    0.0520    1.0131         0    0.0480    0.0294    0.5669    0.0098    0.0171
                0.0810    0.0286    0.0560    1.0133    0.0001    0.0760    0.0115    0.3337    0.0101    0.0348
                0.0820    0.0310    0.0480    1.0124         0    0.0135    0.0514    0.7387    0.0124    0.0545
                0.0830    0.0316    0.0460    1.0119         0    0.0150    0.0504    0.8419    0.0140    0.0608
                0.0840    0.0318    0.0450    1.0115         0    0.0102    0.0535    0.8419    0.0136    0.0580
                0.0850    0.0293    0.0530    1.0112    0.0001    0.0760    0.0115    0.3631    0.0119    0.0650
                0.0860    0.0296    0.0570    1.0107    0.0004    0.0850    0.0057    0.1736    0.0103    0.0716
                0.0870    0.0294    0.0670    1.0102    0.0006    0.1000         0    0.1807    0.0068    0.0900
                0.0880    0.0266    0.0830    1.0108    0.0010    0.1000         0    0.1219    0.0048    0.1030
                0.0890    0.0262    0.0910    1.0115         0    0.0100    0.0198    0.0943    0.0022    0.0900
                0.0900    0.0253    0.0940    1.0121         0    0.0110         0    0.0080    0.0048    0.0266
                0.0910    0.0252    0.0870    1.0125         0    0.0060         0         0    0.0084    0.0310
                0.0920    0.0243    0.0790    1.0132         0         0         0         0    0.0084    0.0099
                0.0930    0.0235    0.0700    1.0138         0         0         0         0    0.0088    0.3482
                0.0940    0.0229    0.0660    1.0134         0         0         0         0    0.0106    0.3422
                0.0950    0.0225    0.0670    1.0135         0         0         0         0    0.0110    0.3410
                0.0960    0.0223    0.0690    1.0133         0         0         0         0    0.0109    0.3428
                0.0970    0.0222    0.0700    1.0130         0    0.0012         0         0    0.0100    0.3475
                0.0980    0.0220    0.0710    1.0126         0    0.0120         0         0    0.0092    0.3487
                0.0990    0.0218    0.0720    1.0123         0    0.0300         0         0    0.0091    0.3509
                0.1000    0.0213    0.0750    1.0128         0    0.0300         0         0    0.0098    0.3537
                0.1010    0.0223    0.0770    1.0132         0    0.0024    0.0195    0.0053    0.0087    0.3529
                0.1020    0.0241    0.0800    1.0135         0    0.0012    0.0592    0.1593    0.0090    0.3554
                0.1030    0.0262    0.0700    1.0135         0    0.0009    0.0594    0.3747    0.0104    0.3600
                0.1040    0.0286    0.0550    1.0134         0    0.0018    0.0589    0.5687    0.0083    0.0074
                0.1050    0.0300    0.0490    1.0133         0    0.0012    0.0592    0.7254    0.0080    0.0358
                0.1060    0.0311    0.0450    1.0126         0    0.0009    0.0594    0.8393    0.0100    0.0775
                0.1070    0.0315    0.0440    1.0122         0    0.0100    0.0536    0.8624    0.0123    0.0967
                0.1080    0.0297    0.0520    1.0120    0.0002    0.0830    0.0070    0.4975    0.0114    0.1010
                0.1090    0.0301    0.0600    1.0115    0.0005    0.0940         0    0.3026    0.0072    0.1269
                0.1100    0.0269    0.0800    1.0111    0.0003    0.0610    0.0211    0.1842    0.0054    0.1838
                0.1110    0.0278    0.0710    1.0107         0    0.0620    0.0204    0.2136    0.0066    0.1895
                0.1120    0.0279    0.0660    1.0109         0    0.1000         0    0.2626    0.0044    0.1705
                0.1130    0.0271    0.0720    1.0114         0    0.1000         0    0.0463    0.0043    0.1848
                0.1140    0.0261    0.0740    1.0120         0    0.1000         0    0.0018    0.0062    0.2006
                0.1150    0.0251    0.0800    1.0129    0.0004    0.0950         0         0    0.0043    0.2216
                0.1160    0.0250    0.0820    1.0135    0.0023    0.1000         0         0    0.0018    0.2700
                0.1170    0.0252    0.0800    1.0139    0.0014    0.1000         0         0    0.0025    0.3519
                0.1180    0.0249    0.0730    1.0136    0.0003    0.0100         0         0    0.0045    0.3460
                0.1190    0.0243    0.0730    1.0135         0    0.0300         0         0    0.0051    0.3150
                0.1200    0.0238    0.0740    1.0133         0    0.0300         0         0    0.0056    0.3150
                0.1210    0.0232    0.0750    1.0130         0    0.0880         0         0    0.0065    0.3263
                0.1220    0.0227    0.0730    1.0127         0    0.0710         0         0    0.0067    0.3445
                0.1230    0.0225    0.0710    1.0125         0    0.1000         0         0    0.0070    0.3481
                0.1240    0.0225    0.0710    1.0132         0    0.1000         0         0    0.0076    0.3573
                0.1250    0.0232    0.0770    1.0131         0    0.0300    0.0135    0.0045    0.0083    0.3575
                0.1260    0.0246    0.0800    1.0137         0    0.0300    0.0409    0.1415    0.0070    0.3481
                0.1270    0.0260    0.0720    1.0140         0    0.0300    0.0409    0.3151    0.0072    0.3543
                0.1280    0.0277    0.0620    1.0139         0    0.0300    0.0409    0.4592    0.0055    0.3524
                0.1290    0.0294    0.0540    1.0137         0    0.0300    0.0409    0.6595    0.0019    0.0218
                0.1300    0.0288    0.0550    1.0134    0.0001    0.0740    0.0128    0.4886    0.0047    0.0856
                0.1310    0.0287    0.0550    1.0132    0.0002    0.0830    0.0070    0.4316    0.0072    0.0843
                0.1320    0.0283    0.0580    1.0129    0.0003    0.0830    0.0070    0.3774    0.0090    0.0900
                0.1330    0.0277    0.0640    1.0124    0.0005    0.0950         0    0.2893    0.0068    0.0870
                0.1340    0.0279    0.0670    1.0118    0.0005    0.0850    0.0057    0.3062    0.0056    0.0502
                0.1350    0.0278    0.0690    1.0112    0.0002    0.0820    0.0077    0.2412    0.0057    0.0347
                0.1360    0.0276    0.0690    1.0114         0    0.0183    0.0483    0.2626    0.0076    0.0254
                0.1370    0.0266    0.0760    1.0115         0    0.0129    0.0183    0.1673    0.0072    0.3600
                0.1380    0.0253    0.0720    1.0120         0    0.0020         0    0.0080    0.0088    0.3482
                0.1390    0.0250    0.0680    1.0127         0    0.0330         0         0    0.0085    0.3477
                0.1400    0.0249    0.0650    1.0133         0    0.1000         0         0    0.0090    0.3554
                0.1410    0.0244    0.0660    1.0141         0    0.0900         0         0    0.0098    0.3558
                0.1420    0.0236    0.0700    1.0138         0    0.0580         0         0    0.0107    0.3483
                0.1430    0.0229    0.0740    1.0136         0    0.0650         0         0    0.0110    0.3410
                0.1440    0.0225    0.0750    1.0135         0    0.0020         0         0    0.0105    0.3441
                0.1450    0.0219    0.0770    1.0132         0         0         0         0    0.0106    0.3502
                0.1460    0.0216    0.0780    1.0128         0    0.0051         0         0    0.0109    0.3543
                0.1470    0.0215    0.0770    1.0125         0    0.0300         0         0    0.0102    0.3519
                0.1480    0.0219    0.0750    1.0132         0    0.0300         0         0    0.0091    0.3532
                0.1490    0.0238    0.0760    1.0130         0    0.0180    0.0159    0.0045    0.0076    0.3546
                0.1500    0.0251    0.0790    1.0132         0    0.0300    0.0409    0.1575    0.0083    0.3575
                0.1510    0.0266    0.0720    1.0136         0    0.0300    0.0409    0.2901    0.0079    0.0026
                0.1520    0.0284    0.0580    1.0138         0    0.0300    0.0409    0.4139    0.0056    0.0149
                0.1530    0.0284    0.0570    1.0140         0    0.0300    0.0409    0.3471    0.0044    0.0550
                0.1540    0.0293    0.0550    1.0135         0    0.0760    0.0115    0.3008    0.0089    0.0686
                0.1550    0.0281    0.0630    1.0132    0.0003    0.0840    0.0064    0.3017    0.0113    0.0675
                0.1560    0.0283    0.0600    1.0130         0    0.0153    0.0502    0.1896    0.0107    0.0703
                0.1570    0.0286    0.0610    1.0124    0.0003    0.0970         0    0.3774    0.0109    0.0728
                0.1580    0.0293    0.0630    1.0118    0.0004    0.0760    0.0115    0.2723    0.0084    0.0801
                0.1590    0.0290    0.0650    1.0114    0.0002    0.0840    0.0064    0.2314    0.0080    0.0978
                0.1600    0.0271    0.0750    1.0119    0.0002    0.0350    0.0377    0.1237    0.0072    0.1075
                0.1610    0.0262    0.0860    1.0123         0    0.1000         0    0.0846    0.0043    0.1316
                0.1620    0.0256    0.0900    1.0130         0    0.1000         0    0.0027    0.0028    0.1402
                0.1630    0.0256    0.0860    1.0136         0    0.0750         0         0    0.0026    0.0563
                0.1640    0.0257    0.0780    1.0141         0    0.0810         0         0    0.0069    0.0387
                0.1650    0.0251    0.0750    1.0146         0    0.0810         0         0    0.0080    0.0266
                0.1660    0.0244    0.0720    1.0142         0    0.0480         0         0    0.0083    0.0025
                0.1670    0.0240    0.0690    1.0142         0    0.0015         0         0    0.0076    0.3407
                0.1680    0.0239    0.0690    1.0140         0    0.0003         0         0    0.0066    0.3306
                0.1690    0.0236    0.0710    1.0137         0         0         0         0    0.0065    0.3406
                0.1700    0.0233    0.0730    1.0132         0         0         0         0    0.0080    0.3522
                0.1710    0.0229    0.0750    1.0128         0    0.0129         0         0    0.0091    0.3532
                0.1720    0.0227    0.0740    1.0132         0    0.0138         0         0    0.0091    0.3532
                0.1730    0.0226    0.0700    1.0136         0    0.0018    0.0191    0.0045    0.0099    0.3495
                0.1740    0.0251    0.0650    1.0141         0    0.0006    0.0596    0.1611    0.0101    0.0020
                0.1750    0.0270    0.0480    1.0144         0    0.0006    0.0596    0.3818    0.0138    0.0279
                0.1760    0.0286    0.0420    1.0143         0    0.0111    0.0529    0.5812    0.0145    0.0440
                0.1770    0.0299    0.0380    1.0141         0    0.0075    0.0552    0.7414    0.0166    0.0684
                0.1780    0.0309    0.0360    1.0134         0    0.0012    0.0592    0.8597    0.0203    0.0829
                0.1790    0.0321    0.0360    1.0126         0         0    0.0600    0.9283    0.0231    0.0855
                0.1800    0.0331    0.0340    1.0118         0         0    0.0600    0.9452    0.0230    0.0891
                0.1810    0.0338    0.0330    1.0111         0         0    0.0600    0.8793    0.0231    0.0873
                0.1820    0.0339    0.0320    1.0104         0    0.0100    0.0536    0.7467    0.0234    0.0874
                0.1830    0.0337    0.0320    1.0099         0    0.0100    0.0536    0.5500    0.0220    0.0919
                0.1840    0.0328    0.0340    1.0105         0    0.0100    0.0536    0.3649    0.0182    0.1049
                0.1850    0.0290    0.0500    1.0112         0    0.0009    0.0201    0.1620    0.0115    0.1599
                0.1860    0.0252    0.0740    1.0125         0    0.0100         0    0.0071    0.0113    0.2107
                0.1870    0.0244    0.0830    1.0133         0    0.0100         0         0    0.0079    0.2232
                0.1880    0.0244    0.0840    1.0141         0    0.0009         0         0    0.0044    0.2350
                0.1890    0.0246    0.0780    1.0148         0    0.0057         0         0    0.0014    0.2700
                0.1900    0.0243    0.0760    1.0144         0    0.0030         0         0    0.0004    0.3600
                0.1910    0.0244    0.0730    1.0142         0    0.0048         0         0    0.0025    0.0081
                0.1920    0.0243    0.0700    1.0139         0    0.0108         0         0    0.0054    0.0038
                0.1930    0.0238    0.0700    1.0136         0    0.0087         0         0    0.0065    0.3600
                0.1940    0.0232    0.0710    1.0134         0    0.0015         0         0    0.0072    0.3571
                0.1950    0.0227    0.0730    1.0132         0    0.0075         0         0    0.0077    0.3492
                0.1960    0.0226    0.0740    1.0137         0    0.0015         0         0    0.0080    0.3522
                0.1970    0.0228    0.0690    1.0138         0    0.0015    0.0190    0.0045    0.0090    0.3577
                0.1980    0.0255    0.0670    1.0141         0    0.0042    0.0573    0.1620    0.0079    0.0026
                0.1990    0.0279    0.0550    1.0144         0    0.0048    0.0569    0.3827    0.0094    0.3600
                0.2000    0.0293    0.0520    1.0146         0    0.0051    0.0567    0.5794    0.0086    0.0024
                0.2010    0.0306    0.0430    1.0146         0    0.0054    0.0565    0.7387    0.0059    0.0140
                0.2020    0.0317    0.0400    1.0139         0    0.0054    0.0565    0.8535    0.0052    0.0563
                0.2030    0.0326    0.0370    1.0133         0    0.0012    0.0592    0.9140    0.0076    0.0873
                0.2040    0.0330    0.0360    1.0127         0    0.0006    0.0596    0.9149    0.0099    0.1005
                0.2050    0.0330    0.0370    1.0118         0    0.0100    0.0536    0.8410    0.0099    0.1231
                0.2060    0.0322    0.0440    1.0113         0    0.0100    0.0536    0.6986    0.0097    0.1649
                0.2070    0.0306    0.0560    1.0111         0    0.0100    0.0536    0.5438    0.0124    0.2021
                0.2080    0.0294    0.0620    1.0114         0         0    0.0600    0.3596    0.0138    0.2187
                0.2090    0.0268    0.0760    1.0118         0    0.0100    0.0177    0.1477    0.0113    0.2172
                0.2100    0.0248    0.0870    1.0125         0    0.0100         0    0.0045    0.0100    0.2177
                0.2110    0.0240    0.0930    1.0135         0    0.0100         0         0    0.0056    0.2198
                0.2120    0.0239    0.0940    1.0145         0    0.1000         0         0    0.0037    0.1687
                0.2130    0.0237    0.0950    1.0154         0    0.0740         0         0    0.0008    0.1534
                0.2140    0.0238    0.0930    1.0151         0    0.0100         0         0    0.0021    0.0310
                0.2150    0.0239    0.0910    1.0150         0    0.0060         0         0    0.0034    0.0320
                0.2160    0.0236    0.0910    1.0149         0    0.0081         0         0    0.0048    0.0130
                0.2170    0.0235    0.0900    1.0146         0    0.0060         0         0    0.0065    0.0063
                0.2180    0.0232    0.0860    1.0143         0    0.0048         0         0    0.0069    0.0060
                0.2190    0.0227    0.0870    1.0140         0    0.0048         0         0    0.0065    0.3600
                0.2200    0.0227    0.0850    1.0144         0    0.0054         0         0    0.0048    0.3470
                0.2210    0.0241    0.0690    1.0149         0    0.0039    0.0184    0.0045    0.0057    0.3416
                0.2220    0.0257    0.0660    1.0153         0    0.0057    0.0564    0.1593    0.0019    0.3382
                0.2230    0.0267    0.0650    1.0155         0    0.0066    0.0558    0.3756    0.0007    0.3600
                0.2240    0.0277    0.0620    1.0156         0    0.0100    0.0536    0.5456    0.0004    0.2700
                0.2250    0.0289    0.0560    1.0155         0    0.0100    0.0536    0.6880    0.0004    0.3600
                0.2260    0.0300    0.0510    1.0147         0    0.0100    0.0536    0.7948    0.0011    0.0900
                0.2270    0.0308    0.0460    1.0140         0    0.0100    0.0536    0.8517    0.0024    0.1166
                0.2280    0.0315    0.0440    1.0134         0    0.0100    0.0536    0.8553    0.0056    0.1166
                0.2290    0.0317    0.0430    1.0126         0    0.0100    0.0536    0.7974    0.0082    0.1132
                0.2300    0.0314    0.0450    1.0119         0    0.0100    0.0536    0.6897    0.0092    0.1287
                0.2310    0.0302    0.0540    1.0115         0    0.0100    0.0536    0.5402    0.0092    0.1544
                0.2320    0.0282    0.0670    1.0122         0    0.0117    0.0525    0.3596    0.0094    0.1866
                0.2330    0.0264    0.0750    1.0128         0    0.0132    0.0166    0.1611    0.0097    0.2220
                0.2340    0.0238    0.0870    1.0135         0    0.1000         0    0.0062    0.0092    0.2218
                0.2350    0.0235    0.0900    1.0143         0    0.1000         0         0    0.0061    0.2202
                0.2360    0.0239    0.0900    1.0150    0.0001    0.0740         0         0    0.0021    0.2110
                0.2370    0.0240    0.0860    1.0157         0    0.0100         0         0    0.0007    0.1800
                0.2380    0.0241    0.0820    1.0152         0    0.0060         0         0    0.0024    0.1166
                0.2390    0.0233    0.0840    1.0150         0    0.0180         0         0    0.0031    0.0694
                0.2400    0.0228    0.0870    1.0149         0    0.0009         0         0    0.0036    0.0450
                0.2410    0.0226    0.0890    1.0146         0    0.0530         0         0    0.0037    0.0113
                0.2420    0.0229    0.0890    1.0144         0    0.1000         0         0    0.0040    0.3548
                0.2430    0.0231    0.0880    1.0140         0    0.1000         0         0    0.0043    0.3356
                0.2440    0.0228    0.0880    1.0145         0    0.1000         0         0    0.0045    0.3314
                0.2450    0.0232    0.0910    1.0145    0.0005    0.1000         0    0.0009    0.0026    0.2859
                0.2460    0.0239    0.0870    1.0147         0    0.1000         0    0.0863    0.0036    0.3069
                0.2470    0.0241    0.0840    1.0151    0.0004    0.0820    0.0077    0.1184    0.0033    0.3194
                0.2480    0.0248    0.0800    1.0153    0.0003    0.0810    0.0083    0.3017    0.0040    0.3497
                0.2490    0.0250    0.0780    1.0152    0.0001    0.0690    0.0160    0.2955    0.0059    0.3460
                0.2500    0.0277    0.0680    1.0144         0    0.0156    0.0500    0.3782    0.0061    0.0034
                0.2510    0.0274    0.0620    1.0138         0    0.0600    0.0217    0.5162    0.0069    0.0471
                0.2520    0.0282    0.0600    1.0133    0.0002    0.0800    0.0089    0.3604    0.0081    0.0323
                0.2530    0.0278    0.0610    1.0126    0.0002    0.0850    0.0057    0.3373    0.0080    0.0103
                0.2540    0.0280    0.0590    1.0120    0.0001    0.0700    0.0153    0.3257    0.0094    0.3534
                0.2550    0.0273    0.0620    1.0116    0.0002    0.0840    0.0064    0.2563    0.0103    0.3416
                0.2560    0.0274    0.0670    1.0122    0.0002    0.0300    0.0409    0.1691    0.0105    0.3334
                0.2570    0.0261    0.0700    1.0125         0    0.0300    0.0129    0.1308    0.0066    0.3376
                0.2580    0.0251    0.0680    1.0131         0    0.0300         0    0.0045    0.0060    0.3273
                0.2590    0.0255    0.0660    1.0134         0    0.1000         0         0    0.0055    0.3368
                0.2600    0.0254    0.0650    1.0139         0    0.1000         0         0    0.0043    0.3600
                0.2610    0.0252    0.0670    1.0146         0    0.1000         0         0    0.0040    0.0103
                0.2620    0.0247    0.0690    1.0143         0    0.0288         0         0    0.0050    0.3600
                0.2630    0.0235    0.0710    1.0142         0    0.0108         0         0    0.0064    0.3436
                0.2640    0.0237    0.0690    1.0139         0    0.1000         0         0    0.0075    0.3433
                0.2650    0.0239    0.0700    1.0135         0    0.1000         0         0    0.0078    0.3466
                0.2660    0.0237    0.0740    1.0130         0    0.1000         0         0    0.0088    0.3505
                0.2670    0.0232    0.0750    1.0127         0    0.0300         0         0    0.0091    0.3509
                0.2680    0.0228    0.0750    1.0130         0    0.0300         0         0    0.0091    0.3509
                0.2690    0.0235    0.0830    1.0138         0    0.1000         0    0.0027    0.0029    0.3303
                0.2700    0.0242    0.0840    1.0140         0    0.1000         0    0.1068    0.0047    0.3556
                0.2710    0.0250    0.0820    1.0142         0    0.1000         0    0.2305    0.0052    0.0159
                0.2720    0.0260    0.0760    1.0142         0    0.1000         0    0.3070    0.0053    0.0423
                0.2730    0.0269    0.0620    1.0144         0    0.1000         0    0.3293    0.0043    0.0656
                0.2740    0.0274    0.0580    1.0138         0    0.1000         0    0.3471    0.0039    0.1118
                0.2750    0.0278    0.0560    1.0134         0    0.1000         0    0.3631    0.0060    0.1473
                0.2760    0.0281    0.0560    1.0131         0    0.1000         0    0.3498    0.0069    0.1710
                0.2770    0.0288    0.0550    1.0123         0    0.1000         0    0.4041    0.0069    0.1890
                0.2780    0.0293    0.0550    1.0116         0    0.1000         0    0.4859    0.0065    0.1863
                0.2790    0.0291    0.0540    1.0111         0    0.1000         0    0.3934    0.0054    0.1762
                0.2800    0.0272    0.0640    1.0116    0.0001    0.1000         0    0.2287    0.0052    0.1921
                0.2810    0.0255    0.0800    1.0121         0    0.0300    0.0125    0.0739    0.0089    0.2234
                0.2820    0.0234    0.0890    1.0128         0    0.0300         0    0.0053    0.0092    0.2282
                0.2830    0.0229    0.0930    1.0135         0    0.0770         0         0    0.0076    0.2250
                0.2840    0.0223    0.1000    1.0143         0    0.0590         0         0    0.0063    0.2110
                0.2850    0.0229    0.0970    1.0152         0    0.1000         0         0    0.0072    0.1975
                0.2860    0.0225    0.0980    1.0154    0.0013    0.1000         0         0    0.0081    0.2123
                0.2870    0.0217    0.0970    1.0152         0    0.1000         0         0    0.0052    0.2452
                0.2880    0.0213    0.0970    1.0150         0    0.1000         0         0    0.0029    0.3303
                0.2890    0.0214    0.0960    1.0146         0    0.1000         0         0    0.0048    0.0130
                0.2900    0.0213    0.0930    1.0141         0    0.0340         0         0    0.0058    0.0297
                0.2910    0.0214    0.0900    1.0138         0    0.1000         0         0    0.0060    0.0250
                0.2920    0.0213    0.0900    1.0141         0    0.1000         0         0    0.0072    0.0029
                0.2930    0.0229    0.0790    1.0140         0    0.0300    0.0128    0.0045    0.0043    0.3552
                0.2940    0.0242    0.0800    1.0143         0    0.0300    0.0409    0.1415    0.0032    0.0266
                0.2950    0.0254    0.0750    1.0147         0    0.0300    0.0409    0.3400    0.0026    0.0740
                0.2960    0.0268    0.0660    1.0149         0    0.0261    0.0433    0.5242    0.0034    0.0716
                0.2970    0.0281    0.0600    1.0148         0    0.0100    0.0536    0.6871    0.0036    0.0843
                0.2980    0.0292    0.0560    1.0140         0    0.0100    0.0536    0.7974    0.0022    0.0995
                0.2990    0.0302    0.0520    1.0134         0    0.0100    0.0536    0.8517    0.0033    0.0963
                0.3000    0.0305    0.0510    1.0129         0    0.0100    0.0536    0.5999    0.0068    0.0900
                0.3010    0.0292    0.0540    1.0124         0    0.0330    0.0389    0.3070    0.0055    0.0787
                0.3020    0.0290    0.0540    1.0118         0    0.0108    0.0531    0.2661    0.0039    0.0682
                0.3030    0.0289    0.0550    1.0113         0    0.0310    0.0402    0.3293    0.0040    0.0848
                0.3040    0.0284    0.0580    1.0118         0    0.0300    0.0409    0.1371    0.0041    0.1279
                0.3050    0.0263    0.0730    1.0124         0    0.0300    0.0121    0.1148    0.0051    0.1719
                0.3060    0.0241    0.0870    1.0132    0.0001    0.0820         0    0.0045    0.0060    0.1974
                0.3070    0.0240    0.0900    1.0139    0.0003    0.0910         0         0    0.0044    0.2150
                0.3080    0.0234    0.0910    1.0146         0    0.0006         0         0    0.0018    0.1913
                0.3090    0.0233    0.0920    1.0153         0         0         0         0    0.0014    0.0900
                0.3100    0.0235    0.0890    1.0152         0    0.1000         0         0    0.0041    0.0379
                0.3110    0.0231    0.0900    1.0150         0    0.1000         0         0    0.0065    0.0194
                0.3120    0.0225    0.0840    1.0147         0    0.0003         0         0    0.0076    0.0081
                0.3130    0.0222    0.0800    1.0144         0         0         0         0    0.0079    0.3574
                0.3140    0.0220    0.0800    1.0141         0    0.0018         0         0    0.0075    0.3433
                0.3150    0.0220    0.0800    1.0138         0    0.0027         0         0    0.0068    0.3348
                0.3160    0.0218    0.0810    1.0141         0    0.0006         0         0    0.0060    0.3426
                0.3170    0.0233    0.0840    1.0144    0.0002    0.0830    0.0022    0.0009    0.0050    0.3600
                0.3180    0.0233    0.0880    1.0148    0.0002    0.0740    0.0128    0.0587    0.0032    0.3600
                0.3190    0.0236    0.0840    1.0153    0.0002    0.0820    0.0077    0.1175    0.0018    0.0900
                0.3200    0.0249    0.0800    1.0156         0    0.0300    0.0409    0.3142    0.0018    0.1269
                0.3210    0.0266    0.0690    1.0157         0    0.0300    0.0409    0.6097    0.0036    0.0957
                0.3220    0.0287    0.0570    1.0150         0    0.0300    0.0409    0.7512    0.0058    0.0864
                0.3230    0.0300    0.0500    1.0144         0    0.0100    0.0536    0.8384    0.0081    0.1028
                0.3240    0.0293    0.0510    1.0141         0    0.0100    0.0536    0.5945    0.0092    0.1106
                0.3250    0.0290    0.0550    1.0136    0.0002    0.0860    0.0051    0.4174    0.0078    0.1237
                0.3260    0.0284    0.0670    1.0133    0.0005    0.0820    0.0077    0.2768    0.0076    0.1719
                0.3270    0.0267    0.0760    1.0132         0    0.0720    0.0140    0.1736    0.0100    0.1945
                0.3280    0.0254    0.0870    1.0140    0.0016    0.1000         0    0.1157    0.0110    0.2116
                0.3290    0.0242    0.0880    1.0145    0.0012    0.1000         0    0.0240    0.0087    0.2216
                0.3300    0.0240    0.0810    1.0143         0    0.1000         0    0.0036    0.0043    0.2284
                0.3310    0.0244    0.0810    1.0147    0.0012    0.1000         0         0         0    0.1800
                0.3320    0.0246    0.0750    1.0149    0.0002    0.0186         0         0    0.0025    0.3600
                0.3330    0.0244    0.0730    1.0152         0    0.0024         0         0    0.0054    0.3600
                0.3340    0.0245    0.0710    1.0152         0    0.0040         0         0    0.0061    0.3600
                0.3350    0.0247    0.0720    1.0152         0    0.1000         0         0    0.0065    0.3537
                0.3360    0.0243    0.0730    1.0150         0    0.0045         0         0    0.0072    0.3600
                0.3370    0.0240    0.0750    1.0149         0    0.1000         0         0    0.0058    0.3600
                0.3380    0.0238    0.0770    1.0146         0    0.0102         0         0    0.0058    0.3600
                0.3390    0.0238    0.0770    1.0143         0    0.1000         0         0    0.0058    0.3529
                0.3400    0.0239    0.0770    1.0147         0    0.1000         0         0    0.0058    0.3600
                0.3410    0.0240    0.0760    1.0151         0    0.1000         0    0.0009    0.0052    0.3479
                0.3420    0.0244    0.0780    1.0154         0    0.1000         0    0.0641    0.0040    0.3334
                0.3430    0.0263    0.0700    1.0154         0    0.0117    0.0525    0.3222    0.0014    0.3600
                0.3440    0.0260    0.0730    1.0157    0.0003    0.0910    0.0019    0.2830    0.0062    0.1594
                0.3450    0.0247    0.0840    1.0164    0.0008    0.1000         0    0.1771    0.0097    0.1800
                0.3460    0.0243    0.0870    1.0164    0.0011    0.1000         0    0.1931    0.0081    0.2009
                0.3470    0.0240    0.0860    1.0161    0.0007    0.1000         0    0.1522    0.0050    0.2490
                0.3480    0.0248    0.0820    1.0156         0    0.1000         0    0.1638    0.0043    0.3116
                0.3490    0.0256    0.0760    1.0150         0    0.1000         0    0.2163    0.0069    0.0060
                0.3500    0.0256    0.0750    1.0145         0    0.1000         0    0.1299    0.0112    0.0149
                0.3510    0.0244    0.0760    1.0143         0    0.1000         0    0.0694    0.0115    0.3600
                0.3520    0.0237    0.0790    1.0144         0    0.1000         0    0.0294    0.0130    0.3456
                0.3530    0.0233    0.0800    1.0147         0    0.1000         0    0.0133    0.0098    0.3362
                0.3540    0.0234    0.0790    1.0150         0    0.1000         0         0    0.0095    0.3354
                0.3550    0.0233    0.0770    1.0156         0    0.1000         0         0    0.0108    0.3386
                0.3560    0.0238    0.0720    1.0161         0    0.1000         0         0    0.0115    0.3399
                0.3570    0.0239    0.0710    1.0167         0    0.1000         0         0    0.0109    0.3428
                0.3580    0.0235    0.0740    1.0163         0    0.1000         0         0    0.0102    0.3519];
            
Time = A(:,1);
Temp = A(:,2);
Humid = A(:,3);
Pres = A(:,4);
Ppt = A(:,5);
Cloud = A(:,6);
Suntime = A(:,7);
Radiation = A(:,8);
Windspeed = A(:,9);
Windirect = A(:,10);
